9575
6767
5634
3376
6372
1809
8783
6707
2129
1165
6017
572
7787
4514
9564
9907
7609
5575
5028
5634
2800
9005
833
1476
768
6751
2592
2611
9645
8987
9844
4785
9313
1990
3279
8274
4836
3868
4784
1798
2664
3379
4258
7758
9376
5447
5401
7414
6309
6028
1251
374
632
1823
2401
9343
8853
4108
5493
877
8275
9333
1230
6227
4820
359
5706
2625
656
8041
5292
5714
6297
9108
600
7320
6743
4368
1747
639
5655
7987
8597
4909
4312
6445
1651
3573
9221
1023
564
7682
4908
4811
5661
8093
5125
9281
2847
5910
1783
6737
2772
8566
3606
2277
5256
8229
2714
3327
3843
8210
5241
9276
1354
5135
2680
347
5392
6742
4290
1561
4556
116
5509
8305
3943
8183
6795
4423
2114
6849
6711
9081
2823
3190
6345
757
316
5724
1596
8800
2984
2609
8369
5708
3802
979
6519
872
3041
501
9601
9656
1337
9997
9477
9203
78
7281
6100
3814
2893
1495
3528
3790
8852
2515
6432
3808
6936
5493
7811
6829
6033
7659
9853
1648
1859
8263
6046
331
1070
6286
2283
8097
2057
2799
7986
7960
1603
7152
5561
1906
1535
2578
8567
4282
6840
4023
2762
3624
8480
5483
6454
4524
7179
9569
9758
227
2154
2279
9908
4467
7734
5664
2376
3397
5654
8072
6146
9217
7090
4503
7768
8302
7225
2868
3646
5503
8366
3986
6916
8542
1223
9771
4317
5595
1908
8895
5743
4965
8925
7605
7909
2762
2365
6122
9910
1313
6169
5876
9662
4700
7984
8102
6224
8061
7763
6113
8151
7755
7766
6763
9042
8500
3479
708
3327
1245
7010
5235
3723
1719
6599
6475
4941
8435
7122
7107
3812
5310
8576
4995
6138
3491
7981
116
6376
3977
7826
1210
3027
9573
7693
5187
1056
5697
2519
2132
212
5751
6492
6407
6363
7633
2879
7121
3166
5198
8117
1968
8772
9473
4754
2118
7774
2651
3961
9326
2571
510
6889
2083
1415
3626
1743
9894
7538
1170
645
7670
6016
4502
4519
5719
8319
6888
2679
5731
9450
9321
610
3538
5006
9355
5275
3233
3836
4572
4456
7238
4048
9410
2499
7595
6514
8131
220
1702
4347
1189
5091
6823
4378
8031
1093
9110
4642
1460
7327
7659
6959
1747
5707
7728
7330
3517
8735
9053
7591
9705
2023
9762
2889
4336
4250
4724
9730
1114
2728
199
1462
44
9501
7685
7644
7556
2103
9769
7948
3873
946
6437
79
8645
8349
5408
5919
697
3504
7396
5761
1679
1451
4752
7318
7852
6579
7411
5538
5530
8987
4162
5506
5510
465
904
300
890
7935
8213
4993
4063
2398
6425
2619
4275
8096
4438
1698
153
9155
4608
4263
9756
975
3845
712
1247
1358
3819
5113
2896
5572
2150
1211
2026
6952
385
6024
3040
1018
6109
5751
4163
1772
2551
9784
3394
994
7809
1973
9404
8041
4199
7885
8275
9449
3240
8115
8976
9487
1162
6609
6651
9729
1752
2609
2666
7808
4944
619
7031
270
7827
3270
7753
8689
9967
7338
1832
7634
9812
6577
3673
3887
5187
8577
7656
296
8074
5836
7592
3163
9903
5311
4334
9367
7173
1813
2966
3711
1454
8095
4195
4451
3033
5593
5322
6080
5237
5875
1219
2720
2929
8337
2311
2939
2830
7582
8094
6613
9447
6491
1980
9359
3111
3882
2367
6783
3179
6091
8553
8204
6700
7642
9210
8624
3637
7057
9081
9317
1986
9373
5801
5802
9264
7776
942
8075
7318
5610
1147
8758
8600
7558
1401
3643
2359
735
55
1253
5759
9617
564
180
9993
8499
9678
150
9014
8768
6313
8375
840
4989
7453
9399
4535
4620
1283
6597
7525
9058
6435
3413
5185
8324
3452
7300
5837
2402
6539
522
7089
9105
765
2769
6827
8515
4860
5641
8822
3306
6868
4584
4085
8274
9612
2085
5180
6192
3514
4462
2852
9351
6189
2983
4968
6557
4708
1210
3366
9439
2061
6591
2481
4148
6017
2662
8797
2866
9165
8793
9137
8457
5574
5141
9332
7921
8708
6181
7520
7459
8786
2136
869
9651
296
3413
2215
4061
9634
6469
7898
2017
573
4282
2998
5526
5306
5842
6226
7958
4702
6435
4365
8750
4246
9266
9818
9524
3155
7146
2218
4331
2223
4480
9104
6268
2671
4868
2501
4087
3124
4147
4992
5776
786
6112
8887
3871
2952
5581
1504
8998
3517
3354
2091
5358
2350
313
4556
2762
8169
2448
2776
3842
3170
7002
1911
8163
5874
2223
3519
8985
5379
3137
5132
7368
9839
7943
8026
6808
9058
9384
2541
6474
8768
9943
142
5337
3991
7249
6053
1350
769
8051
5075
8545
4974
2811
28
9920
6536
2564
9413
1900
2034
8596
9199
4360
5578
6957
2947
8781
7397
3639
7429
6071
2402
4537
1587
612
4374
3954
7792
7676
8107
3517
1395
1272
5032
169
1149
1201
6592
40
9109
5257
7207
125
3589
5216
5448
4437
2804
5388
6556
309
8325
4975
2690
479
8733
8936
4305
6586
1607
8322
6948
6479
8715
6761
3052
8308
6287
9733
4913
10
2545
704
547
2895
8715
8666
8095
9047
4441
5405
1835
1809
4606
807
958
7298
1705
110
4710
4893
4450
239
569
7029
5153
3526
4208
5867
2370
1552
1494
6227
9685
7764
4837
7017
1599
6987
3049
5566
1036
8908
9825
3074
279
9093
2253
5400
8732
146
6924
312
7207
5420
1099
7678
9835
1277
2837
8018
6077
8770
5811
5764
4594
5719
944
1381
3580
1367
2904
5395
1919
1442
4151
4413
8712
6355
2943
4181
1555
66
6596
2629
4522
6858
4989
8139
1723
8845
3117
4368
6616
8037
2244
3578
1156
9237
6271
2234
4490
8620
227
4659
7919
9605
5801
8622
2560
9851
8398
4896
70
3158
4710
6046
186
7441
7104
3871
2164
4623
1367
7393
3681
9554
7742
8228
7300
6236
6185
7320
3747
1630
5448
8836
9355
5318
1452
5504
4331
5605
6130
439
2100
6217
3649
6085
9900
9917
3030
8724
4718
9624
4835
2604
540
8882
1005
8111
9907
6023
885
7624
8335
2587
7429
1223
9766
2786
1630
399
4290
4829
7893
4888
2087
2923
2209
5330
1266
1671
7656
3260
6670
8054
6107
7632
123
9498
9100
7857
5082
7175
1765
4123
3744
8098
6914
2136
7670
2694
59
3385