8222
2650
7929
1887
2508
9746
5224
96
8757
4552
8262
6993
4860
4313
2645
7752
821
5432
8037
4726
4320
580
7138
96
8057
9133
7795
4129
1336
437
9771
4230
1576
1816
7775
8823
2440
1332
5904
2837
5780
7213
6693
7218
3133
6133
867
4202
4757
638
3922
3191
8660
8061
4372
7790
3602
9399
8535
7863
1882
7394
5298
9642
4243
2574
2598
8503
5812
67
9362
6607
5006
9669
7342
4019
8371
5824
2767
9773
1532
6389
2069
7667
4449
1795
4193
9966
8906
840
6421
1885
6195
4229
3164
4466
9825
6837
7690
8017
8169
4945
6108
1387
9386
3667
4771
7677
6425
6425
4082
1485
9095
774
297
2029
9680
8318
2706
9623
8156
2767
8301
1508
3511
9818
8841
2130
3286
6205
2751
3120
3769
716
9894
4143
2528
2021
4359
9221
7971
1896
9641
1050
9998
7347
4570
3678
8333
9886
5200
2373
4925
6183
5054
270
9900
3469
741
1765
6907
9831
6295
8640
9346
3206
5570
2071
9210
8081
3933
7497
1585
3640
7414
1690
4781
8030
2536
1753
6998
4043
192
5078
9037
2091
2004
4531
635
6343
2470
6812
2401
239
3328
2701
6359
4608
6170
9971
3206
5282
7753
4333
589
1097
9526
33
6007
5958
7299
2374
7413
3965
2109
7396
4160
2766
9704
3215
3004
3914
6985
2740
1178
5699
7455
2330
4990
4836
5181
7946
5626
3715
523
2433
860
8614
5121
8615
698
9659
6718
1047
318
1577
4908
919
9361
4463
6160
9423
4901
9943
9648
4437
4005
8500
2005
1792
8769
3966
3345
5532
7471
3585
9616
6979
4635
1700
8384
374
9746
5471
258
9612
4432
179
1439
9703
9982
4091
2868
709
1973
1805
297
1470
6535
2759
790
3204
6954
9477
8275
1081
3720
5437
9960
7300
7400
1080
5278
1188
4124
5752
5427
7084
3177
3548
6715
3625
3695
8020
7135
7237
9718
3270
7140
145
5934
1576
8647
9555
8189
8935
4416
1342
206
3477
8136
5755
6694
3267
2826
7521
2172
8607
831
8363
3267
7593
2956
2202
1620
4024
6666
927
7552
2163
3500
485
6520
4848
4095
9910
6642
5591
1837
6740
2051
7784
8472
7427
6214
6291
3280
5983
6980
9544
5661
140
6442
8657
6653
338
6996
6660
9224
5887
8220
1311
9276
8100
1806
1068
5585
5476
5584
8073
5999
7228
6690
9057
2968
702
1417
4461
7304
4260
9205
4002
5756
6448
7932
8753
3738
8307
9918
8446
6456
5882
28
1077
431
9036
8402
6546
7660
8912
948
8776
6148
4020
1519
9243
7267
3011
7654
8297
8560
912
4651
2069
7263
2011
3093
4230
4367
952
9939
7700
3237
6921
3151
9957
2967
6101
1674
3446
8344
586
5810
7940
7767
9850
5155
9327
7507
9686
4264
3242
3924
1303
6422
2061
5098
4380
1856
1309
1680
9953
7857
1986
7648
8782
5804
7385
7037
6633
155
1338
7413
4671
6678
8305
3496
8716
2015
1325
103
6560
4773
456
3093
5943
9106
3021
5617
323
9778
71
6406
9692
9983
7228
9382
5357
8993
7739
6352
22
8370
1960
7069
190
5609
5567
6395
2032
2704
6639
2737
3221
4331
3505
1296
2820
3535
5564
3557
5838
902
9825
2764
1644
7270
6703
3779
6528
9625
748
5504
4304
9931
3066
1472
7633
1964
4842
1118
7625
5970
4208
5903
4220
5747
4679
57
492
2599
9071
1449
3794
5286
2816
3329
585
5475
7230
5725
6668
6132
915
4666
9787
9335
9328
5005
8505
4254
7956
9366
6900
2535
648
7425
4480
1990
5764
310
848
6153
1815
3917
4788
6548
7214
7003
6894
3360
1182
9879
4825
8223
4353
3155
5041
9676
9513
9589
8137
1383
2331
7767
693
4306
991
3088
7677
7518
8583
5685
2433
3011
5996
5511
3385
2135
6069
9586
5544
2942
8991
504
3705
9823
2185
2564
985
4458
6342
5427
3268
1215
4246
6093
3593
5485
9306
2413
9439
3091
8821
6953
72
9354
3282
5238
5162
9508
2437
3386
2738
4573
4064
9427
7531
4354
8049
5877
921
6532
7963
487
1025
5127
4586
6808
8684
6911
1065
3558
5330
9638
5549
950
7964
8711
2177
1978
8045
595
4257
7864
8344
3462
9692
5757
3450
3583
2301
5574
7976
9992
4126
9573
3364
6194
4747
7216
9388
2732
1957
8965
3427
8276
9641
4764
7872
506
5930
7625
3468
4231
5610
8656
97
1996
8060
7346
3510
1721
4973
7499
7434
2561
9135
3469
6209
2055
879
7158
1043
6259
3278
2612
2619
4423
1260
2873
2504
163
2603
2003
1302
1702
6883
8917
835
9175
7731
1229
7837
7670
5272
8676
2870
6766
5655
6069
1627
9474
4266
7626
6869
5588
2411
3109
7334
6341
70
4688
7716
4057
2106
8552
6044
4790
2173
7514
6396
575
1562
3625
4977
4081
5489
123
4336
77
7957
5570
4930
9568
9951
9579
6634
1693
3437
5211
4900
1750
2667
1124
7310
7557
9537
9172
8363
1270
1141
9754
3234
7365
7754
5136
1718
9991
7814
7206
6345
1236
2664
6554
6517
5218
86
662
838
6680
7567
3383
3643
5643
879
4069
3130
9054
1958
1620
2552
4920
6588
4781
2279
2454
7623
5322
8992
4904
878
4964
1817
3857
1982
1562
3362
3761
6335
9370
6806
1951
6393
4256
2062
7642
553
4452
4185
1592
2202
289
1582
2166
3794
3906
7271
9575
297
9149
4557
754
8862
7799
135
2358
2020
977
4541
9256
341
6421
6436
6070
9826
7410
3574
649
8536
7159
6796
24
903
5753
71
2634
5352
1134
4282
3018
2294
9174
2874
9154
6426
1471
4734
6395
6923
8348
1014
8196
2113
6062
4150
222
2055
6208
3
153
4623
1499
5497
7387
2325
7119
4568
6996
1213
7998
3733
6219
4072
7956
8737
4167
123
5943
6735
4767
6355
8716
2884
7540
273
4526
5334
3735
8751
3796
661
8777
1867
1525
1297
6656
3641
438
6881
3916
1081
9656
2503
7576
7987
5602
6376
7061
4470
9902
8529
4726
6455
1866
6976
9487
8972
7908
3304
150
3845
9043
9184
7790
2930
4546
2291
5247
9991
8029
7147
3976
340
5036
7002
8316
3981
5182
6056
3682
740
3744
1994
4702
9271
8297
8362
7715
4030
9068
45
2722
9151
3112
5797
4675
3107
5286
2947
544
5078
3613
3095
8490
5074
5812
4584
9188
8812
4548
9647
8700
9093
4807
3015
239
9568
6193
9306
6908
8500
623
8586
5637
6414
9408
8816
2307
9069
2958
7946
7980
3683
980
6307
9128
9587
5320
7540
1857
4402
311
6546
4206
7479
5998
2767
5729
634
613
7262
1005
8375
837
2426
5417
1394
7627
6871
5213
8060
7690
1860
9781
690
9928
1116
5669
4966
7929
8547
8850
3166
9760
2758
6048
9776
6390
594
4146
9597
9458
9406
3359
4183
3181
8169
1993
124
4044
6696
7204
8713
9254
287
4301
8824
8959
4165
2628
7002
6213
1470
4440
6937
6637
245
4547
5600
9296
1357
6491
9410
4341
6679
3203
7795
5824
4491
5101